0 0.39708333333333334 0.683453237410072 0.12250000000000001 0.1366906474820144
0 0.6258333333333334 0.6987410071942446 0.12333333333333334 0.13489208633093525
0 0.6241666666666668 0.47302158273381295 0.12000000000000001 0.1366906474820144
1 0.08 0.051258992805755396 0.04166666666666667 0.07014388489208634
1 0.18625 0.28956834532374104 0.05916666666666667 0.06474820143884892
1 0.18250000000000002 0.7688848920863309 0.06666666666666667 0.0881294964028777
1 0.8779166666666667 0.6960431654676259 0.07416666666666667 0.1223021582733813
2 0.39583333333333337 0.341726618705036 0.030000000000000002 0.07194244604316546
2 0.53 0.3866906474820144 0.030000000000000002 0.06474820143884892
2 0.5900000000000001 0.28956834532374104 0.030000000000000002 0.06474820143884892
2 0.4445833333333334 0.5242805755395684 0.022500000000000003 0.06294964028776978
2 0.5695833333333333 0.5935251798561152 0.025833333333333337 0.05755395683453238
2 0.43333333333333335 0.7940647482014389 0.023333333333333334 0.05575539568345324
2 0.6554166666666668 0.8102517985611511 0.025833333333333337 0.05575539568345324
