0 0.38583333333333336 0.7670863309352518 0.13 0.12769784172661872
0 0.65 0.33992805755395683 0.12000000000000001 0.12949640287769784
1 0.15875 0.2760791366906475 0.07916666666666668 0.12769784172661872
1 0.15125000000000002 0.5305755395683454 0.05583333333333334 0.08992805755395684
1 0.19125 0.8012589928057554 0.04916666666666667 0.08093525179856116
1 0.9191666666666667 0.5386690647482014 0.07500000000000001 0.10611510791366907
2 0.65 0.5017985611510791 0.030000000000000002 0.06474820143884892
2 0.63875 0.7392086330935252 0.022500000000000003 0.053956834532374105
2 0.7495833333333334 0.6564748201438849 0.025833333333333337 0.06474820143884892
2 0.75 0.2751798561151079 0.030000000000000002 0.06474820143884892
