0 0.39708333333333334 0.6798561151079137 0.12250000000000001 0.12949640287769784
0 0.62375 0.631294964028777 0.11916666666666667 0.12949640287769784
1 0.05333333333333334 0.06654676258992806 0.07166666666666667 0.11151079136690648
1 0.18541666666666667 0.28057553956834536 0.052500000000000005 0.08633093525179857
1 0.03833333333333334 0.8857913669064749 0.04166666666666667 0.07014388489208634
1 0.8629166666666668 0.38489208633093525 0.0675 0.10431654676258993
2 0.27958333333333335 0.7814748201438849 0.029166666666666667 0.0737410071942446
2 0.4979166666666667 0.4982014388489209 0.025833333333333337 0.05755395683453238
2 0.6258333333333334 0.4046762589928058 0.02666666666666667 0.06474820143884892
2 0.7004166666666667 0.5179856115107914 0.025833333333333337 0.06474820143884892
