0 0.39708333333333334 0.683453237410072 0.12250000000000001 0.1366906474820144
0 0.6516666666666667 0.3336330935251799 0.12333333333333334 0.12769784172661872
1 0.05166666666666667 0.0710431654676259 0.07500000000000001 0.12050359712230216
1 0.03833333333333334 0.8884892086330936 0.04833333333333334 0.06474820143884892
1 0.18083333333333335 0.2967625899280576 0.055 0.08633093525179857
1 0.8629166666666668 0.38039568345323743 0.060833333333333336 0.11330935251798561
2 0.4541666666666667 0.27248201438848924 0.03333333333333333 0.07014388489208634
2 0.49750000000000005 0.4982014388489209 0.030000000000000002 0.07194244604316546
2 0.6516666666666667 0.4982014388489209 0.03333333333333333 0.07194244604316546
2 0.5750000000000001 0.7365107913669066 0.030000000000000002 0.06654676258992806
