0 0.4141666666666667 0.3597122302158274 0.13333333333333333 0.1366906474820144
0 0.6516666666666667 0.33723021582733814 0.12333333333333334 0.13489208633093525
1 0.16 0.27248201438848924 0.07333333333333333 0.12050359712230216
1 0.15416666666666667 0.5350719424460432 0.055 0.08093525179856116
1 0.19 0.7976618705035972 0.05166666666666667 0.0737410071942446
1 0.9191666666666667 0.5350719424460432 0.06666666666666667 0.11330935251798561
2 0.6516666666666667 0.49370503597122306 0.03333333333333333 0.08093525179856116
2 0.63875 0.7410071942446044 0.029166666666666667 0.07194244604316546
2 0.7475 0.6555755395683454 0.030000000000000002 0.08093525179856116
2 0.7508333333333334 0.2787769784172662 0.028333333333333335 0.07194244604316546
