1 0.16583333333333333 0.31115107913669066 0.055 0.07194244604316546
0 0.385 0.7670863309352518 0.135 0.12769784172661872
0 0.65 0.33453237410071945 0.12166666666666667 0.13309352517985612
1 0.15375 0.5404676258992807 0.0625 0.09172661870503597
1 0.18416666666666667 0.7589928057553957 0.06666666666666667 0.12589928057553956
1 0.8566666666666667 0.7670863309352518 0.065 0.12769784172661872
2 0.42500000000000004 0.5359712230215827 0.02666666666666667 0.0683453237410072
2 0.49875 0.7877697841726619 0.0275 0.0683453237410072
2 0.5645833333333333 0.7670863309352518 0.03416666666666667 0.0737410071942446
2 0.6508333333333334 0.49910071942446044 0.02666666666666667 0.059352517985611516
