0 0.39583333333333337 0.683453237410072 0.12000000000000001 0.1366906474820144
0 0.62375 0.47302158273381295 0.12083333333333333 0.1366906474820144
1 0.08 0.05035971223021583 0.04166666666666667 0.06474820143884892
1 0.18541666666666667 0.28597122302158273 0.052500000000000005 0.06474820143884892
1 0.8495833333333334 0.3156474820143885 0.07083333333333333 0.11330935251798561
1 0.83125 0.7967625899280576 0.06416666666666668 0.08992805755395684
2 0.3691666666666667 0.329136690647482 0.030000000000000002 0.053956834532374105
2 0.39958333333333335 0.4946043165467626 0.029166666666666667 0.06474820143884892
2 0.49875 0.5503597122302158 0.0275 0.06474820143884892
2 0.49875 0.7733812949640289 0.0275 0.07194244604316546
