0 0.39708333333333334 0.6798561151079137 0.12250000000000001 0.12949640287769784
0 0.6233333333333334 0.6393884892086331 0.12000000000000001 0.12769784172661872
1 0.18625 0.28057553956834536 0.05416666666666667 0.08633093525179857
1 0.15833333333333335 0.5341726618705036 0.07 0.11151079136690648
1 0.18833333333333335 0.7976618705035972 0.04 0.05575539568345324
2 0.3695833333333334 0.329136690647482 0.022500000000000003 0.053956834532374105
2 0.6275000000000001 0.4046762589928058 0.030000000000000002 0.06474820143884892
2 0.5004166666666667 0.7760791366906475 0.02416666666666667 0.07733812949640288
2 0.6725000000000001 0.7733812949640289 0.023333333333333334 0.05755395683453238
1 0.8629166666666668 0.38039568345323743 0.05916666666666667 0.11330935251798561
