0 0.45708333333333334 0.3534172661870504 0.12250000000000001 0.13489208633093525
0 0.39708333333333334 0.6798561151079137 0.12250000000000001 0.12949640287769784
1 0.04958333333333333 0.06654676258992806 0.07916666666666668 0.12949640287769784
1 0.16166666666666668 0.7428057553956835 0.06333333333333334 0.07913669064748202
1 0.03666666666666667 0.8920863309352518 0.045000000000000005 0.07194244604316546
1 0.8591666666666667 0.3893884892086331 0.07500000000000001 0.11330935251798561
2 0.27375 0.37589928057553956 0.025833333333333337 0.07194244604316546
2 0.28125 0.783273381294964 0.025833333333333337 0.06294964028776978
2 0.4354166666666667 0.4946043165467626 0.025833333333333337 0.06474820143884892
2 0.5 0.4982014388489209 0.030000000000000002 0.07194244604316546
