0 0.41583333333333333 0.3597122302158274 0.13 0.1366906474820144
0 0.6516666666666667 0.3363309352517986 0.12333333333333334 0.1223021582733813
1 0.05166666666666667 0.0710431654676259 0.07500000000000001 0.12050359712230216
1 0.03833333333333334 0.8884892086330936 0.04833333333333334 0.06474820143884892
1 0.19 0.8003597122302158 0.05166666666666667 0.09352517985611511
1 0.8570833333333334 0.7203237410071943 0.06416666666666668 0.11330935251798561
2 0.3866666666666667 0.6915467625899281 0.03333333333333333 0.0737410071942446
2 0.49875 0.4946043165467626 0.0275 0.06474820143884892
2 0.57875 0.7365107913669066 0.029166666666666667 0.08093525179856116
2 0.6504166666666668 0.4982014388489209 0.022500000000000003 0.07194244604316546
